$ANSIBLE_VAULT;1.1;AES256
39666665653535386233616535636536306335386336626232366337623036326230613130366262
6339313438626464393535333861313664663838626139610a643230333334383536376561303030
31343462353532613732633162363862636437316530333133356139343963373863343233626564
6334656136343462660a346134313539636134626664666232643961656538383463343431313535
65656239626363386666356237353464633566623730333837636263333364623136363833653936
31633465643431366462336563326462366638326633353632373438396438653839613139393839
38616233363535313737636432363132383562613835383036666438626264386230636336316434
37623964333839613966613835663432363539623038646266363037653135646534386162653836
36636539633238616335663531373036396430383162373863656330396266373639633036366338
34316434663436376635303932363334356333306630323763353332633566393939313235633532
36663534323035346161663935646236353936613762663736333565333163663337656637386461
30613264656339623230613438373430653532623062306266353136373338336432313062386466
30353962356135346231613965646537373533393031383664363265666263346166633266663830
61643632623163613736633639323538316265316564343466616535656664326430303736633733
36363763363732373464306635326338383464343433393935613934396637353438326363643461
62366163353136623334373631323739333261663966626166363965303762356361643635306432
37373533623964356637366163313161633436306666313164643832653137303739356561633836
64303235663934636230303135613231333165653333643339653561343032336161343665326661
62333832656630313664383533353262663331653366616162356339343234333431333932346631
32643734373965363532376535353965623835373462663162366437656663323836623832313965
65346263653938363232373232353635656438313339343537653235633261623835633466623134
31343435393131346262653266383535633431643937643766616263373536373061636165313437
38356636633932326564633964343535323839353065366636653736613730656437353635376231
63396265383539306636363466343236373632363166343564383463623930313333653731363030
63333433363035313561306537313934303035333330353133363561366533326337616461653238
61363066373936316533623065653165343939353465306461303934323539313365396364643033
30646666646436633739373833633232343338383333306337633061346365313935303033323562
37326463623930653134373031343965663131653730656332376239383139346162616661343338
66326535613235303764373532316163303231623664306661323363376332656336613932616230
38383066356336316137333431363331363561663236373166336530656664616361306335633332
64396430323235383332613466663638363230333662656661633365656566633132633033643533
65356563333164653964663439373231623231373833313235336364386664656331333966656537
31316439326465656166633637353938323638633361626438333331643234336166356430336163
37626665353533356565663232633030363266393061653631386433383435366138373733653833
61626133316565636563636535616336306431396434666663303231303034663031626132626433
62336361646433336538636130336261353330323039336432313333356537383961316632613136
30636561623737653332343537303764373361373830303634636630316566313962373164303532
35653066633833306330656538343131306366383835313830336265646239393235346338333663
34343034616235346631666434313430663131626232333933613234373862623764616666343434
31633765353862663937303239653364373435666230623765343837373661393664383338313863
63666634613831616438393262303437363565346139393131653436373462363238663666663363
34353461373235333366373133373461636533613062663963303165373161336230333637656466
61636633393165366163393962643131353839613265366631346466666437326631383336323439
39636335333764636330313339363564383931326530316436623734623962366365633866386537
39376430353862653839656264313265396130613466326561626532386134633732393337666130
65393230363330313732663833396531333466363038353137623837393933393461653434343837
65303861306164663633623562323533313562643462633765616630326339653963653062623338
31326235306339363165623263376165613337643365383438336632306465656132623439386438
64663064306361336430383936623962393662336362383731316437393133346362353935356238
32633230663364393561356235376262643238363735633737616338383766383263666165653231
37636462396261353133333666366230613530316631306538643330613335616363366531373932
30356532333030636336653164373165346363363466323237326532653935626638323535623135
31616538353934303139343261363632663034633932616461633562626335386432333333336235
61373038373239376239643266366133663631353138343739323632386538633465383037353435
34313234633435653935323630393031666532376238663865383331383232356631633839613731
61386661613332386233346433343332376363326430613738383132363733383462653439313636
66376165313964663366343839653431626231323230356463623261316365323766303565613835
35393736346430636333666630643732653435383634646437393139616634666230646337333032
66366638373233313935623336386135646630313039633365333332306463653161616636303765
36383564613565313235323264343235343333303130663531306230333461393830663937346163
32663966623239663634623636303765653236633337393034646665633834306235613132376361
36626339656430623361626433613165346236346536373565383164623230366163353265666665
61333436613130386134386664316234323965306365656137353764333761636463346432653333
35383639616633343339653936366665333536303166363864313765356139613331623533613864
35386265396463383036663766333662383432626235393439326665363238336138306464343034
36616630363837316533663536373461656336393466623862613532653930663039646665323239
35663664303266313266653461366665383365616232326534383836356338656133313463363035
62623863336537303930613934376361303965633362633462306139626430636534333533323537
61636366396330626237306664333435373463346530353164353436656337373637353264636337
36643262333566666565363037656636653431653362613861333264666563663535623163383966
63373437313664613737623132643135383864636530656538366664613634386130346361373539
31633763386437353638306634363866616432363636623832336536313865393265383733663864
65653139643334333562623233646431623236653166663739356635333734656466333937383238
32343265363464633139633666623930643435633330373234623431616631303266363264666135
63316338363238326361613863373131393065326536326539376338326232343334386434656564
65653630346634313164343935313135643366383864386564313539313931373366356639353663
32343731633132316638316339333862383565306436353963616430363632363533663363343539
37616165366565396230386661653733633839393631653632636235656532616134623939653537
35336132383937316334383730333134323339383737626339353432323130643361346363303533
34316163653538653139313061363361613438363061386635366138323839623937393963636663
63653064333037303933383030653865363838636336626636643332653366303233633765656365
39376361386531626235356265613835643637373135376132623736313366616233663633636638
31363064646364653065336165333639663233363836353337383539316232343062336263313538
38623138323836336430393333393035373965613835343336666230393732616538393535663739
39623636393430663131666530366661366432323236396465633535363061306563396630313064
62326238643164326233306266333938396261323938333936323731363361653061343163613534
38646131323832623265316366346362623861323437376630623938666664356461663534333334
37346631376432333366363063343061333630653633666235663231346531373661613231363435
34623637313833303464306562613931376233306666326233356530613765343731303131393662
34636330313962623035356434383961623934303266653439386664306433366164366230626466
37623933643465356362666638663737336534353030653836363634333836623433633561346563
38333764386633313036633334613061656431663364396635336437336536306131313362356464
61396565356366383339356463646331656631643163383038343965643535346661393464353537
31656463643135343933616231393131616337346332346164373631356639346630666638346531
62316137626665303034303532376533393861646265613061346137326133653133326530353039
30386563613635373431303538383938656237396535613734376237333833373566383031346538
63663132343361316235363236343461346661643539633364366266623237353331376165356430
36346436343031656661303465323134656231663961303162363332623139393062323638333861
32613338353131346365383462616336636166613930303766326565306337363066353932356266
36376138623661373861613037656566393861396663343934323838383230393530376162666534
36326562643362383731633339393032653238653232383464383363663434363135663662303534
39333130336338383866316532313464353465353935613030623930646236336266643064623334
63396664616131313565656165313063393439336538393366663264396639316662376564383831
65333932393861646437323337363833383139326639333762363831636564393134643662366534
32623439376263656633613434383539616430393034633439653066346438363337616565663964
63353537303362336232363030313163333734663333353064646533633839323935306437323531
35616535393636646137336230653963366263643164373236386530333738643164386562326630
66373037656165303034373932653763303634663231353035366136393061336138363961306631
64366331643837393336623533313138393232336366663638383461326238373136313961393333
38333233663961336131633135336566353533353866323661363462306361336435376363643334
63356430346434623835356339383831346662643366663935303534356637666431666237386630
63623439326661383634353764613935393530353438363832653638613439393130373563616463
39613964383139613732633965346533646266383030613266663231343732343936353736373662
34373766323233306535636233363739643431323131333132633964613761363836636338326362
32646639626362643331396533663036376432666438323030383861623034353064303130323333
31383939336266393566333138646134313937323062623733626436313362646261386136313335
38616335376634393962373930396434366261373930653838306533623166623265663533343437
63363139633563396330613065366236303063616136653635333531663362356339333463313530
37383238396665366462656637366633626664303132643662316235313239353066613330366132
66303466613736393265336234323137643137333862336463393963393761633334663533616331
66373034666463653633656664343366383261626235363761623564643038333231623462363064
65323862663339303966313364333562633964656536663961333534653836646464643162653366
61393533306539616339653232373632396639343037393136383334323434643863336632386261
64656161323061623934373931373261383933656536383538646438616636326538393463346230
65376166383034303737646237343532353433646465376631383162366464666332326261633636
37633934363034656633666635333162663237623563323230376664396263363534326630336337
62393461303336616530653165373935633230626238333138363662326566306561376665353131
63396463356366666139643237643061613939636666376365303934396162646165373962386364
34336562396639656133376563373231303238343532343230666539646230383062643763356633
30383262626130303030633138613638323933363064343439346532373332636330393434393162
38643363626331653063623166323761336232353234386262366135383833656230643261303135
37653666393535633036633561646234333334326530663335643033633736333839666131373264
35663861376366303339376135333166326232336362373136313232656636343434373465663562
32613935666165323533623533363466383062316663316563306235363237346235393461323136
36623665663564623930346135636633643535383736366237306364623336613538393463653830
64333161306231613231343130316537366431613132333932313366333266376438303735383939
61373436323836386232343434343833616133643266386464633831663033366266366431626136
64313834373735303530303633373535373135633762363562333336616363373165376430393966
36343337626161303864623130656437666639383432616163313265376336373239653764353266
38653232653564383133613662633931316130656138623466653063623061613361626336656565
37353363346361333963633063383431383861336331613162633832626130613637366430363338
34623938643032343066343632313363343437353833636433363538616335353464376333363364
63373131343832353134366138616137376338313063333866383430643035643435373665613934
61666431396632336238633935613566343164316635333632393238363863353735343536653166
63613863313231643334613935393966616336386336373762646166666132323237333039643264
35346365343039363434633063353337643461373762633033663836363735316136633037623338
66306636643237346334383439623964623061333534663332623564633335373265393630646561
64613661376136303065306139633936363531663432326437383163643939666231363338356532
66366362363532623338386135626432653266663839383630653833623562623736613838396130
36373830313161323435623563376437636664663834653065363364663261646333303333386562
39396333393831356434383464373139383263353965366163653531353866396661626532643664
31613337666663343837643438333836373935333233376531633638396463373033393432363434
34616261393731643837363436396631663535323035396362316461646362653531636461376262
35316130353434646636656237663839373930373634313936363235343461616135363338393031
65643534656639636135663365663539373363613134653065353130353038363362633664343165
61353432353135363832343066376533373663316230366638613431636139316663383365303731
39633062613365613831626162343035653662373463326231356631313332663934373565363930
35353837306131383666356462636136633439653563663764376430303036356538613038653465
34643066646564323132626234663263313265393637616261383162323061656632353063343433
32393132376534343462666238636532373961623138373661396133653437393538353463323430
35666438366636313837373865643238616331643239643134643535663962313362666133663163
39653031366337396137643839646432343238626533323731653963373135643038646263356163
34656361373638353232353131613439613838353232333331396236333761653538633866616162
32363065633636663032333562613639663838396134303461316166363735616464386235633266
63636633613461616539333839363964326463613330353664623338336135376537373731313531
61633232346331653635633634386231316231343539343835363537653938373538353438366361
64336639303762396439326630383134353666366133363464393730663534316631613161343432
64653931383831646264653333366562383434633065636138646138363566316264363830313936
37373631623334383466323238393261613162636339663366663631626262386237623765646431
35336335643635636234636334303861613038363962333263333866653132353063323566323063
31336232653835336138366234636634636661616137646232663039373661356137653932326365
31613264643562313463316163323763323436343934613331383732383033336561663966646431
32666238353233323765353832303539383937383839643732376635643763363365
